R_V1_ROI
1 76 5 255 255
R_MST_ROI
2 52 108 132 255
R_V6_ROI
3 67 94 171 255
R_V2_ROI
4 26 54 239 255
R_V3_ROI
5 18 32 240 255
R_V4_ROI
6 20 36 223 255
R_V8_ROI
7 30 62 208 255
R_4_ROI
8 39 175 28 255
R_3b_ROI
9 40 194 23 255
R_FEF_ROI
10 137 144 148 255
R_PEF_ROI
11 166 179 169 255
R_55b_ROI
12 111 105 77 255
R_V3A_ROI
13 24 70 253 255
R_RSC_ROI
14 157 66 127 255
R_POS2_ROI
15 210 115 202 255
R_V7_ROI
16 26 92 193 255
R_IPS1_ROI
17 57 123 172 255
R_FFC_ROI
18 57 94 121 255
R_V3B_ROI
19 41 73 222 255
R_LO1_ROI
20 17 67 207 255
R_LO2_ROI
21 21 53 182 255
R_PIT_ROI
22 33 54 187 255
R_MT_ROI
23 34 93 106 255
R_A1_ROI
24 232 12 43 255
R_PSL_ROI
25 188 144 135 255
R_SFL_ROI
26 65 57 51 255
R_PCV_ROI
27 133 142 155 255
R_STV_ROI
28 144 112 108 255
R_7Pm_ROI
29 158 205 191 255
R_7m_ROI
30 49 46 49 255
R_POS1_ROI
31 94 82 107 255
R_23d_ROI
32 134 52 87 255
R_v23ab_ROI
33 29 6 20 255
R_d23ab_ROI
34 85 28 54 255
R_31pv_ROI
35 70 20 52 255
R_5m_ROI
36 48 171 50 255
R_5mv_ROI
37 141 158 129 255
R_23c_ROI
38 215 191 195 255
R_5L_ROI
39 66 160 72 255
R_24dd_ROI
40 72 160 45 255
R_24dv_ROI
41 119 154 67 255
R_7AL_ROI
42 120 191 130 255
R_SCEF_ROI
43 136 149 105 255
R_6ma_ROI
44 152 169 137 255
R_7Am_ROI
45 170 246 220 255
R_7PL_ROI
46 167 255 232 255
R_7PC_ROI
47 75 178 105 255
R_LIPv_ROI
48 65 129 176 255
R_VIP_ROI
49 60 150 150 255
R_MIP_ROI
50 129 202 197 255
R_1_ROI
51 28 194 42 255
R_2_ROI
52 58 179 72 255
R_3a_ROI
53 53 222 28 255
R_6d_ROI
54 37 162 42 255
R_6mp_ROI
55 77 159 50 255
R_6v_ROI
56 89 181 67 255
R_p24pr_ROI
57 152 144 112 255
R_33pr_ROI
58 121 93 91 255
R_a24pr_ROI
59 175 124 125 255
R_p32pr_ROI
60 171 143 129 255
R_a24_ROI
61 80 11 35 255
R_d32_ROI
62 116 41 64 255
R_8BM_ROI
63 133 80 92 255
R_p32_ROI
64 121 51 79 255
R_10r_ROI
65 27 0 6 255
R_47m_ROI
66 93 53 60 255
R_8Av_ROI
67 91 68 67 255
R_8Ad_ROI
68 64 60 48 255
R_9m_ROI
69 50 27 24 255
R_8BL_ROI
70 41 32 24 255
R_9p_ROI
71 66 51 51 255
R_10d_ROI
72 42 27 25 255
R_8C_ROI
73 123 84 92 255
R_44_ROI
74 135 94 91 255
R_45_ROI
75 83 62 56 255
R_47l_ROI
76 58 27 31 255
R_a47r_ROI
77 99 66 72 255
R_6r_ROI
78 186 200 155 255
R_IFJa_ROI
79 139 114 101 255
R_IFJp_ROI
80 131 139 128 255
R_IFSp_ROI
81 132 105 117 255
R_IFSa_ROI
82 211 198 188 255
R_p9-46v_ROI
83 153 136 136 255
R_46_ROI
84 196 199 186 255
R_a9-46v_ROI
85 176 120 150 255
R_9-46d_ROI
86 161 123 146 255
R_9a_ROI
87 71 57 60 255
R_10v_ROI
88 0 8 1 255
R_a10p_ROI
89 128 85 111 255
R_10pp_ROI
90 59 44 54 255
R_11l_ROI
91 126 94 111 255
R_13l_ROI
92 118 87 99 255
R_OFC_ROI
93 53 37 40 255
R_47s_ROI
94 69 32 36 255
R_LIPd_ROI
95 149 177 197 255
R_6a_ROI
96 128 197 144 255
R_i6-8_ROI
97 123 117 106 255
R_s6-8_ROI
98 104 89 82 255
R_43_ROI
99 150 136 66 255
R_OP4_ROI
100 101 157 43 255
R_OP1_ROI
101 93 143 36 255
R_OP2-3_ROI
102 145 118 61 255
R_52_ROI
103 202 68 56 255
R_RI_ROI
104 164 84 43 255
R_PFcm_ROI
105 172 146 89 255
R_PoI2_ROI
106 132 124 83 255
R_TA2_ROI
107 136 36 30 255
R_FOP4_ROI
108 199 148 142 255
R_MI_ROI
109 166 119 114 255
R_Pir_ROI
110 107 79 72 255
R_AVI_ROI
111 152 74 91 255
R_AAIC_ROI
112 97 40 47 255
R_FOP1_ROI
113 148 125 82 255
R_FOP3_ROI
114 185 133 107 255
R_FOP2_ROI
115 99 156 56 255
R_PFt_ROI
116 108 202 115 255
R_AIP_ROI
117 131 215 162 255
R_EC_ROI
118 56 50 40 255
R_PreS_ROI
119 103 68 97 255
R_H_ROI
120 66 63 46 255
R_ProS_ROI
121 99 83 177 255
R_PeEc_ROI
122 64 60 54 255
R_STGa_ROI
123 58 45 27 255
R_PBelt_ROI
124 197 22 13 255
R_A5_ROI
125 112 41 6 255
R_PHA1_ROI
126 74 61 86 255
R_PHA3_ROI
127 95 107 126 255
R_STSda_ROI
128 72 56 42 255
R_STSdp_ROI
129 96 65 54 255
R_STSvp_ROI
130 94 53 64 255
R_TGd_ROI
131 37 34 27 255
R_TE1a_ROI
132 9 7 0 255
R_TE1p_ROI
133 113 104 103 255
R_TE2a_ROI
134 72 57 57 255
R_TF_ROI
135 68 74 63 255
R_TE2p_ROI
136 109 139 128 255
R_PHT_ROI
137 207 246 214 255
R_PH_ROI
138 75 128 161 255
R_TPOJ1_ROI
139 125 94 78 255
R_TPOJ2_ROI
140 134 158 139 255
R_TPOJ3_ROI
141 102 140 143 255
R_DVT_ROI
142 124 132 198 255
R_PGp_ROI
143 152 201 221 255
R_IP2_ROI
144 190 176 178 255
R_IP1_ROI
145 131 116 129 255
R_IP0_ROI
146 110 164 210 255
R_PFop_ROI
147 164 190 130 255
R_PF_ROI
148 255 247 216 255
R_PFm_ROI
149 171 123 135 255
R_PGi_ROI
150 61 63 56 255
R_PGs_ROI
151 105 82 82 255
R_V6A_ROI
152 52 102 179 255
R_VMV1_ROI
153 60 70 174 255
R_VMV3_ROI
154 51 66 164 255
R_PHA2_ROI
155 88 96 100 255
R_V4t_ROI
156 18 93 132 255
R_FST_ROI
157 75 160 147 255
R_V3CD_ROI
158 28 71 203 255
R_LO3_ROI
159 65 102 175 255
R_VMV2_ROI
160 68 74 176 255
R_31pd_ROI
161 100 44 82 255
R_31a_ROI
162 147 99 125 255
R_VVC_ROI
163 59 67 124 255
R_25_ROI
164 36 19 13 255
R_s32_ROI
165 33 10 7 255
R_pOFC_ROI
166 101 57 70 255
R_PoI1_ROI
167 182 113 106 255
R_Ig_ROI
168 106 128 40 255
R_FOP5_ROI
169 174 94 110 255
R_p10p_ROI
170 105 73 89 255
R_p47r_ROI
171 162 113 126 255
R_TGv_ROI
172 63 64 55 255
R_MBelt_ROI
173 189 10 23 255
R_LBelt_ROI
174 213 23 30 255
R_A4_ROI
175 155 35 9 255
R_STSva_ROI
176 43 36 28 255
R_TE1m_ROI
177 92 53 61 255
R_PI_ROI
178 127 53 56 255
R_a32pr_ROI
179 158 77 106 255
R_p24_ROI
180 126 38 75 255
L_V1_ROI
181 67 10 255 255
L_MST_ROI
182 49 91 127 255
L_V6_ROI
183 49 85 168 255
L_V2_ROI
184 13 51 237 255
L_V3_ROI
185 5 34 233 255
L_V4_ROI
186 9 20 213 255
L_V8_ROI
187 18 41 191 255
L_4_ROI
188 28 174 21 255
L_3b_ROI
189 29 204 19 255
L_FEF_ROI
190 132 143 137 255
L_PEF_ROI
191 138 156 148 255
L_55b_ROI
192 60 87 49 255
L_V3A_ROI
193 2 60 247 255
L_RSC_ROI
194 151 64 124 255
L_POS2_ROI
195 187 94 187 255
L_V7_ROI
196 9 73 188 255
L_IPS1_ROI
197 47 107 165 255
L_FFC_ROI
198 57 85 118 255
L_V3B_ROI
199 20 48 202 255
L_LO1_ROI
200 0 41 184 255
L_LO2_ROI
201 9 29 182 255
L_PIT_ROI
202 27 32 173 255
L_MT_ROI
203 24 81 97 255
L_A1_ROI
204 226 23 42 255
L_PSL_ROI
205 99 73 47 255
L_SFL_ROI
206 20 49 22 255
L_PCV_ROI
207 130 133 154 255
L_STV_ROI
208 133 83 74 255
L_7Pm_ROI
209 152 184 187 255
L_7m_ROI
210 34 36 37 255
L_POS1_ROI
211 79 57 88 255
L_23d_ROI
212 111 56 81 255
L_v23ab_ROI
213 19 0 8 255
L_d23ab_ROI
214 67 28 50 255
L_31pv_ROI
215 48 17 41 255
L_5m_ROI
216 38 166 49 255
L_5mv_ROI
217 144 172 132 255
L_23c_ROI
218 207 188 191 255
L_5L_ROI
219 53 158 66 255
L_24dd_ROI
220 59 160 38 255
L_24dv_ROI
221 119 155 67 255
L_7AL_ROI
222 105 197 136 255
L_SCEF_ROI
223 100 144 83 255
L_6ma_ROI
224 140 174 134 255
L_7Am_ROI
225 177 244 223 255
L_7PL_ROI
226 173 255 239 255
L_7PC_ROI
227 62 176 108 255
L_LIPv_ROI
228 63 112 164 255
L_VIP_ROI
229 46 142 139 255
L_MIP_ROI
230 130 204 200 255
L_1_ROI
231 11 194 35 255
L_2_ROI
232 44 176 63 255
L_3a_ROI
233 44 221 22 255
L_6d_ROI
234 22 161 35 255
L_6mp_ROI
235 62 161 42 255
L_6v_ROI
236 67 171 53 255
L_p24pr_ROI
237 133 131 99 255
L_33pr_ROI
238 129 112 101 255
L_a24pr_ROI
239 159 123 118 255
L_p32pr_ROI
240 151 138 116 255
L_a24_ROI
241 65 11 21 255
L_d32_ROI
242 91 41 47 255
L_8BM_ROI
243 108 81 82 255
L_p32_ROI
244 93 33 52 255
L_10r_ROI
245 20 5 0 255
L_47m_ROI
246 100 82 77 255
L_8Av_ROI
247 55 57 47 255
L_8Ad_ROI
248 62 62 47 255
L_9m_ROI
249 37 39 22 255
L_8BL_ROI
250 24 38 18 255
L_9p_ROI
251 37 41 28 255
L_10d_ROI
252 32 35 27 255
L_8C_ROI
253 99 79 83 255
L_44_ROI
254 72 83 56 255
L_45_ROI
255 46 64 41 255
L_47l_ROI
256 39 50 30 255
L_a47r_ROI
257 81 74 69 255
L_6r_ROI
258 172 205 147 255
L_IFJa_ROI
259 115 107 92 255
L_IFJp_ROI
260 128 141 122 255
L_IFSp_ROI
261 101 98 92 255
L_IFSa_ROI
262 186 189 175 255
L_p9-46v_ROI
263 140 144 136 255
L_46_ROI
264 202 211 196 255
L_a9-46v_ROI
265 140 110 130 255
L_9-46d_ROI
266 129 112 127 255
L_9a_ROI
267 47 54 47 255
L_10v_ROI
268 3 31 11 255
L_a10p_ROI
269 92 67 82 255
L_10pp_ROI
270 54 51 56 255
L_11l_ROI
271 129 106 119 255
L_13l_ROI
272 88 63 74 255
L_OFC_ROI
273 40 39 35 255
L_47s_ROI
274 62 38 35 255
L_LIPd_ROI
275 155 172 203 255
L_6a_ROI
276 122 192 136 255
L_i6-8_ROI
277 98 101 90 255
L_s6-8_ROI
278 93 90 76 255
L_43_ROI
279 134 137 61 255
L_OP4_ROI
280 98 151 42 255
L_OP1_ROI
281 94 153 38 255
L_OP2-3_ROI
282 134 119 50 255
L_52_ROI
283 208 76 61 255
L_RI_ROI
284 166 69 25 255
L_PFcm_ROI
285 178 145 90 255
L_PoI2_ROI
286 123 127 81 255
L_TA2_ROI
287 126 40 23 255
L_FOP4_ROI
288 169 138 122 255
L_MI_ROI
289 149 111 104 255
L_Pir_ROI
290 91 71 65 255
L_AVI_ROI
291 133 70 83 255
L_AAIC_ROI
292 85 34 40 255
L_FOP1_ROI
293 142 144 78 255
L_FOP3_ROI
294 173 133 100 255
L_FOP2_ROI
295 98 156 57 255
L_PFt_ROI
296 136 223 141 255
L_AIP_ROI
297 138 219 165 255
L_EC_ROI
298 47 50 39 255
L_PreS_ROI
299 96 61 89 255
L_H_ROI
300 63 57 45 255
L_ProS_ROI
301 92 71 176 255
L_PeEc_ROI
302 62 65 57 255
L_STGa_ROI
303 47 46 24 255
L_PBelt_ROI
304 188 26 8 255
L_A5_ROI
305 90 44 10 255
L_PHA1_ROI
306 71 53 84 255
L_PHA3_ROI
307 106 104 124 255
L_STSda_ROI
308 63 53 35 255
L_STSdp_ROI
309 57 58 35 255
L_STSvp_ROI
310 64 53 52 255
L_TGd_ROI
311 28 37 24 255
L_TE1a_ROI
312 3 15 1 255
L_TE1p_ROI
313 104 100 97 255
L_TE2a_ROI
314 68 64 60 255
L_TF_ROI
315 61 71 56 255
L_TE2p_ROI
316 114 141 128 255
L_PHT_ROI
317 233 251 228 255
L_PH_ROI
318 84 120 161 255
L_TPOJ1_ROI
319 118 92 69 255
L_TPOJ2_ROI
320 152 154 139 255
L_TPOJ3_ROI
321 118 136 146 255
L_DVT_ROI
322 114 122 193 255
L_PGp_ROI
323 162 188 230 255
L_IP2_ROI
324 184 166 180 255
L_IP1_ROI
325 122 123 136 255
L_IP0_ROI
326 114 154 206 255
L_PFop_ROI
327 176 202 140 255
L_PF_ROI
328 255 249 223 255
L_PFm_ROI
329 138 103 115 255
L_PGi_ROI
330 51 64 51 255
L_PGs_ROI
331 68 70 60 255
L_V6A_ROI
332 28 92 166 255
L_VMV1_ROI
333 61 63 177 255
L_VMV3_ROI
334 49 57 166 255
L_PHA2_ROI
335 91 85 90 255
L_V4t_ROI
336 11 76 129 255
L_FST_ROI
337 83 149 150 255
L_V3CD_ROI
338 15 47 180 255
L_LO3_ROI
339 53 90 170 255
L_VMV2_ROI
340 69 61 169 255
L_31pd_ROI
341 55 34 55 255
L_31a_ROI
342 145 101 125 255
L_VVC_ROI
343 51 57 124 255
L_25_ROI
344 30 24 10 255
L_s32_ROI
345 45 35 19 255
L_pOFC_ROI
346 82 58 66 255
L_PoI1_ROI
347 169 115 102 255
L_Ig_ROI
348 92 139 37 255
L_FOP5_ROI
349 152 97 102 255
L_p10p_ROI
350 93 64 84 255
L_p47r_ROI
351 134 118 116 255
L_TGv_ROI
352 38 53 41 255
L_MBelt_ROI
353 182 20 18 255
L_LBelt_ROI
354 230 20 27 255
L_A4_ROI
355 146 37 4 255
L_STSva_ROI
356 25 31 18 255
L_TE1m_ROI
357 67 48 49 255
L_PI_ROI
358 122 53 50 255
L_a32pr_ROI
359 128 66 86 255
L_p24_ROI
360 118 38 70 255
